image_width: 640
image_height: 480
camera_name: rgb
camera_matrix:
  rows: 3
  cols: 3
  data: [540.457688019406, 0, 319.226514250297, 0, 538.138092348107, 235.189957883424, 0, 0, 1]
distortion_model: plumb_bob
distortion_coefficients:
  rows: 1
  cols: 5
  data: [0, 0, 0, 0, 0]
rectification_matrix:
  rows: 3
  cols: 3
  data: [1, 0, 0, 0, 1, 0, 0, 0, 1]
projection_matrix:
  rows: 3
  cols: 4
  data: [539.2685546875, 0, 318.096368717088, 0, 0, 539.222534179688, 234.203569345649, 0, 0, 0, 1, 0]
